array([[  1.83227539e-05,   1.49429321e-05,   1.35604858e-05,
          1.29287720e-05,   1.26403809e-05,   1.24755859e-05,
          1.23382568e-05,   1.22039795e-05,   1.20681763e-05,
          1.19262695e-05,   1.17767334e-05,   1.16317749e-05,
          1.14913940e-05,   1.13479614e-05,   1.12106323e-05,
          1.10778809e-05,   1.09558105e-05,   1.08367920e-05,
          1.07238770e-05,   1.06155396e-05,   1.05087280e-05,
          1.04034424e-05,   1.02966309e-05,   1.01837158e-05,
          1.00692749e-05,   9.95025635e-06,   9.82513428e-06,
          9.69696045e-06,   9.56420898e-06,   9.42535400e-06,
          9.27429199e-06,   9.12170410e-06,   8.97064209e-06,
          8.80889893e-06,   8.64105225e-06,   8.47015381e-06,
          8.29162598e-06,   8.11157227e-06,   7.92694092e-06,
          7.73162842e-06,   7.53173828e-06,   7.32604980e-06,
          7.11288452e-06,   6.89224243e-06,   6.66427612e-06,
          6.42196655e-06,   6.16790771e-06,   5.90698242e-06,
          5.63415527e-06,   5.34423828e-06,   5.04104614e-06,
          4.72793579e-06,   4.40063477e-06,   4.06158447e-06,
          3.71490479e-06,   3.36273193e-06,   3.00674438e-06,
          2.65274048e-06,   2.30590820e-06,   1.96868896e-06,
          1.64718628e-06,   1.34094238e-06,   1.05529785e-06,
          7.89505005e-07,   5.43655396e-07,   3.96362305e-07,
          3.78799438e-07,   3.72772217e-07,   3.78250122e-07,
          3.96316528e-07,   6.74316406e-07,   1.05377197e-06,
          1.03317261e-06,   8.90197754e-07,   9.80377197e-07,
          1.06216431e-06,   1.13632202e-06,   1.20574951e-06,
          1.26739502e-06,   1.32049561e-06,   1.36947632e-06,
          1.41677856e-06,   1.46026611e-06,   1.50054932e-06,
          1.53930664e-06,   1.57623291e-06,   1.60980225e-06,
          1.64260864e-06,   1.67373657e-06,   1.70455933e-06,
          1.73324585e-06,   1.76208496e-06,   1.78939819e-06,
          1.81747437e-06,   1.84356689e-06,   1.86935425e-06,
          1.88644409e-06,   1.91146851e-06,   1.93527222e-06,
          1.95861816e-06,   1.98257446e-06,   2.00515747e-06,
          2.02743530e-06,   2.04940796e-06,   2.07077026e-06,
          2.09136963e-06,   2.11212158e-06,   2.13272095e-06,
          2.15179443e-06,   2.17178345e-06,   2.19085693e-06,
          2.20962524e-06,   2.22778320e-06,   2.24609375e-06,
          2.26425171e-06,   2.28118896e-06,   2.29766846e-06,
          2.31536865e-06,   2.33215332e-06,   2.34909058e-06,
          2.36694336e-06,   2.38769531e-06,   2.40692139e-06,
          2.42797852e-06,   2.45010376e-06,   2.47344971e-06,
          2.49908447e-06,   2.52853394e-06,   2.56576538e-06,
          2.61215210e-06,   2.67166138e-06,   2.74719238e-06,
          2.84408569e-06,   2.96279907e-06,   3.10684204e-06,
          3.28033447e-06,   3.48999023e-06,   3.74160767e-06,
          4.04403687e-06,   4.40490723e-06,   4.83032227e-06,
          5.32531738e-06,   5.89752197e-06,   6.54754639e-06,
          7.27386475e-06,   8.07342529e-06,   8.93707275e-06,
          9.86328125e-06,   1.08322144e-05,   1.02935791e-05,
          8.33587646e-06,   6.93511963e-06,   5.84411621e-06,
          4.95819092e-06,   4.21783447e-06,   3.59832764e-06,
          3.07174683e-06,   2.62512207e-06,   2.24563599e-06,
          1.92443848e-06,   1.65298462e-06,   1.42196655e-06,
          1.22329712e-06,   1.05621338e-06,   9.11102295e-07,
          7.87353516e-07,   6.81610107e-07,   5.94329834e-07,
          5.17272949e-07,   4.48913574e-07,   3.89709473e-07,
          3.35067749e-07,   2.82531738e-07,   2.34069824e-07,
          1.87911987e-07,   1.43341064e-07,   1.00860596e-07,
          5.91735840e-08,   5.79528809e-08,   7.28607178e-08,
          8.48999023e-08,   9.82818604e-08,   1.23687744e-07,
          1.56967163e-07,   1.87667847e-07,   2.17529297e-07,
          2.47512817e-07,   2.74642944e-07,   3.00445557e-07,
          3.26019287e-07,   3.51181030e-07,   3.73977661e-07,
          3.96179199e-07,   4.16397095e-07,   4.36767578e-07,
          4.55764771e-07,   4.74151611e-07,   4.92446899e-07,
          5.10070801e-07,   5.26031494e-07,   5.43273926e-07,
          5.61233521e-07,   5.77423096e-07,   5.94741821e-07,
          6.11663818e-07,   6.28555298e-07,   6.44836426e-07,
          6.61010742e-07,   6.78405762e-07,   6.95800781e-07,
          7.11822510e-07,   7.28302002e-07,   7.46002197e-07,
          7.62481689e-07,   7.80792236e-07,   8.00018311e-07,
          8.18634033e-07,   8.38470459e-07,   8.59985352e-07,
          8.82568359e-07,   9.04388428e-07,   9.28802490e-07,
          9.55657959e-07,   9.82971191e-07,   1.01364136e-06,
          1.04705811e-06,   1.08566284e-06,   1.12792969e-06,
          1.17874146e-06,   1.23611450e-06,   1.30386353e-06,
          1.38305664e-06,   1.47781372e-06,   1.58889771e-06,
          1.71829224e-06,   1.86599731e-06,   2.03796387e-06,
          2.23434448e-06,   2.45941162e-06,   2.72171021e-06,
          3.01223755e-06,   4.90982056e-06,   3.73794556e-06,
          4.17709351e-06,   4.67941284e-06,   5.24444580e-06,
          5.86395264e-06,   6.52160645e-06,   7.19451904e-06,
          7.86132812e-06,   8.49761963e-06,   9.08355713e-06,
          9.60998535e-06,   1.00646973e-05,   1.04507446e-05,
          1.07666016e-05,   1.10275269e-05,   1.12380981e-05,
          1.14120483e-05,   1.15539551e-05,   1.16714478e-05,
          1.17706299e-05,   1.18606567e-05,   1.19400024e-05,
          1.20162964e-05,   1.20864868e-05,   1.21566772e-05,
          1.22238159e-05,   1.22940063e-05,   1.23672485e-05,
          1.24389648e-05,   1.25137329e-05,   1.25946045e-05,
          1.26770020e-05,   1.27670288e-05,   1.28601074e-05,
          1.29501343e-05,   1.30508423e-05,   1.31561279e-05,
          1.32598877e-05,   1.33712769e-05,   1.34887695e-05,
          1.36062622e-05,   1.37252808e-05,   1.38442993e-05,
          1.39617920e-05,   1.40701294e-05,   1.41754150e-05,
          1.42700195e-05,   1.43493652e-05,   1.44256592e-05,
          1.44973755e-05,   1.45919800e-05,   1.47323608e-05,
          1.49810791e-05,   1.54769897e-05,   1.64001465e-05,
          1.79336548e-05],
       [  1.67358398e-05,   1.79977417e-05,   1.83303833e-05,
          1.81381226e-05,   1.76910400e-05,   1.71813965e-05,
          1.66778564e-05,   1.61956787e-05,   1.57333374e-05,
          1.52923584e-05,   1.48742676e-05,   1.44546509e-05,
          1.40548706e-05,   1.36764526e-05,   1.33041382e-05,
          1.29516602e-05,   1.26098633e-05,   1.22772217e-05,
          1.19354248e-05,   1.15890503e-05,   1.12472534e-05,
          1.08917236e-05,   1.05346680e-05,   1.01776123e-05,
          9.82513428e-06,   9.46502686e-06,   9.10491943e-06,
          8.74176025e-06,   8.37402344e-06,   8.00323486e-06,
          7.63244629e-06,   7.26013184e-06,   6.87408447e-06,
          6.48956299e-06,   6.10809326e-06,   5.72357178e-06,
          5.34362793e-06,   4.96215820e-06,   4.58526611e-06,
          4.21295166e-06,   3.84826660e-06,   3.48999023e-06,
          3.14224243e-06,   2.80227661e-06,   2.47390747e-06,
          2.15866089e-06,   1.86157227e-06,   1.57440186e-06,
          1.30462646e-06,   1.05743408e-06,   8.31756592e-07,
          6.25457764e-07,   4.45861816e-07,   2.91137695e-07,
          1.60827637e-07,   5.18798828e-08,  -3.43322754e-08,
         -1.03302002e-07,  -1.60522461e-07,  -2.08435059e-07,
         -2.52227783e-07,  -2.94189453e-07,  -3.40606689e-07,
         -3.89755249e-07,  -4.22042847e-07,  -2.08190918e-07,
          8.18634033e-08,   3.47717285e-07,   5.89859009e-07,
          8.04550171e-07,   7.50854492e-07,   5.85937500e-07,
          8.13140869e-07,   1.15142822e-06,   1.24252319e-06,
          1.32553101e-06,   1.40365601e-06,   1.47796631e-06,
          1.55212402e-06,   1.62597656e-06,   1.69540405e-06,
          1.76132202e-06,   1.82525635e-06,   1.88659668e-06,
          1.94366455e-06,   1.99707031e-06,   2.04803467e-06,
          2.09548950e-06,   2.13821411e-06,   2.18093872e-06,
          2.21969604e-06,   2.25158691e-06,   2.28012085e-06,
          2.30789185e-06,   2.33154297e-06,   2.35000610e-06,
          2.36160278e-06,   2.37564087e-06,   2.38632202e-06,
          2.39318848e-06,   2.39700317e-06,   2.40249634e-06,
          2.40371704e-06,   2.40432739e-06,   2.40341187e-06,
          2.40417480e-06,   2.40081787e-06,   2.39791870e-06,
          2.39837646e-06,   2.39425659e-06,   2.38983154e-06,
          2.38662720e-06,   2.38311768e-06,   2.37792969e-06,
          2.37442017e-06,   2.37426758e-06,   2.37396240e-06,
          2.37365723e-06,   2.37792969e-06,   2.38540649e-06,
          2.39349365e-06,   2.40570068e-06,   2.42340088e-06,
          2.44537354e-06,   2.46994019e-06,   2.50427246e-06,
          2.54791260e-06,   2.59872437e-06,   2.65884399e-06,
          2.73300171e-06,   2.81753540e-06,   2.91503906e-06,
          3.02719116e-06,   3.15658569e-06,   3.30154419e-06,
          3.45977783e-06,   3.62884521e-06,   3.80569458e-06,
          3.97903442e-06,   4.15130615e-06,   4.31732178e-06,
          4.47875977e-06,   4.63714600e-06,   4.80194092e-06,
          4.99114990e-06,   5.22613525e-06,   5.53131104e-06,
          5.93261719e-06,   6.48956299e-06,   6.73217773e-06,
          6.29119873e-06,   5.83648682e-06,   5.40466309e-06,
          5.00305176e-06,   4.62860107e-06,   4.26300049e-06,
          3.90853882e-06,   3.56353760e-06,   3.23287964e-06,
          2.91381836e-06,   2.60910034e-06,   2.32681274e-06,
          2.06497192e-06,   1.81762695e-06,   1.59164429e-06,
          1.38244629e-06,   1.18667603e-06,   1.00448608e-06,
          8.43505859e-07,   6.98242188e-07,   5.66101074e-07,
          4.53628540e-07,   3.55346680e-07,   2.66998291e-07,
          1.88919067e-07,   1.83990479e-07,   2.32910156e-07,
          2.77038574e-07,   2.77648926e-07,   2.62588501e-07,
          2.48413086e-07,   2.33627319e-07,   2.34344482e-07,
          2.76138306e-07,   3.18222046e-07,   3.55743408e-07,
          3.90914917e-07,   4.27932739e-07,   4.65576172e-07,
          4.99450684e-07,   5.31234741e-07,   5.64346313e-07,
          5.97351074e-07,   6.27609253e-07,   6.56066895e-07,
          6.85958862e-07,   7.10540771e-07,   7.33749390e-07,
          7.56408691e-07,   7.82257080e-07,   8.02246094e-07,
          8.23654175e-07,   8.45916748e-07,   8.67355347e-07,
          8.89190674e-07,   9.10140991e-07,   9.33532715e-07,
          9.55810547e-07,   9.75341797e-07,   9.98229980e-07,
          1.02127075e-06,   1.04232788e-06,   1.06338501e-06,
          1.08627319e-06,   1.10641479e-06,   1.12625122e-06,
          1.14791870e-06,   1.16744995e-06,   1.18530273e-06,
          1.20269775e-06,   1.22451782e-06,   1.24282837e-06,
          1.26113892e-06,   1.28295898e-06,   1.30447388e-06,
          1.32385254e-06,   1.34719849e-06,   1.37329102e-06,
          1.39938354e-06,   1.42837524e-06,   1.46286011e-06,
          1.50115967e-06,   1.54251099e-06,   1.59042358e-06,
          1.64535522e-06,   1.70272827e-06,   1.76269531e-06,
          1.82418823e-06,   1.87957764e-06,   1.92459106e-06,
          1.97158813e-06,   4.43572998e-07,   2.01004028e-06,
          1.99539185e-06,   1.95388794e-06,   1.88354492e-06,
          1.79382324e-06,   1.69342041e-06,   1.60247803e-06,
          1.53472900e-06,   1.50909424e-06,   1.53656006e-06,
          1.62048340e-06,   1.76391602e-06,   1.96075439e-06,
          2.20642090e-06,   2.49176025e-06,   2.80914307e-06,
          3.15399170e-06,   3.52172852e-06,   3.91082764e-06,
          4.31823730e-06,   4.74395752e-06,   5.18646240e-06,
          5.64117432e-06,   6.11114502e-06,   6.59027100e-06,
          7.07855225e-06,   7.58209229e-06,   8.08563232e-06,
          8.59680176e-06,   9.10797119e-06,   9.61914062e-06,
          1.01287842e-05,   1.06338501e-05,   1.11358643e-05,
          1.16439819e-05,   1.21261597e-05,   1.25976563e-05,
          1.30615234e-05,   1.35025024e-05,   1.39404297e-05,
          1.43753052e-05,   1.47964478e-05,   1.52236938e-05,
          1.56494141e-05,   1.60751343e-05,   1.64916992e-05,
          1.69036865e-05,   1.73065186e-05,   1.76940918e-05,
          1.80557251e-05,   1.83792114e-05,   1.86386108e-05,
          1.87866211e-05,   1.86813354e-05,   1.81579590e-05,
          1.70425415e-05],
       [  2.17071533e-05,   2.28622437e-05,   2.31033325e-05,
          2.28195190e-05,   2.22839355e-05,   2.16796875e-05,
          2.10784912e-05,   2.05017090e-05,   1.99417114e-05,
          1.94030762e-05,   1.88812256e-05,   1.83700562e-05,
          1.78756714e-05,   1.73934937e-05,   1.69357300e-05,
          1.64916992e-05,   1.60644531e-05,   1.56555176e-05,
          1.52496338e-05,   1.48391724e-05,   1.44302368e-05,
          1.40136719e-05,   1.35925293e-05,   1.31713867e-05,
          1.27578735e-05,   1.23458862e-05,   1.19369507e-05,
          1.15219116e-05,   1.11053467e-05,   1.06826782e-05,
          1.02691650e-05,   9.84497070e-06,   9.41619873e-06,
          8.98895264e-06,   8.56475830e-06,   8.13751221e-06,
          7.71484375e-06,   7.29064941e-06,   6.86492920e-06,
          6.45050049e-06,   6.03851318e-06,   5.62774658e-06,
          5.22598267e-06,   4.82742310e-06,   4.43710327e-06,
          4.05715942e-06,   3.68865967e-06,   3.32489014e-06,
          2.97760010e-06,   2.64434814e-06,   2.32925415e-06,
          2.03140259e-06,   1.75567627e-06,   1.50238037e-06,
          1.26922607e-06,   1.05712891e-06,   8.64410400e-07,
          6.87408447e-07,   5.21850586e-07,   3.68041992e-07,
          2.21099854e-07,   7.72705078e-08,  -6.29272461e-08,
         -2.03353882e-07,  -1.27609253e-07,  -2.96630859e-08,
          1.20620728e-07,   4.50317383e-07,   7.46017456e-07,
          1.01481628e-06,   1.01055908e-06,   8.91113281e-07,
          1.16867065e-06,   1.54296875e-06,   1.66854858e-06,
          1.78176880e-06,   1.87850952e-06,   1.96319580e-06,
          2.04406738e-06,   2.12707520e-06,   2.20565796e-06,
          2.27920532e-06,   2.34741211e-06,   2.41455078e-06,
          2.47528076e-06,   2.52960205e-06,   2.58239746e-06,
          2.63168335e-06,   2.67776489e-06,   2.71926880e-06,
          2.75619507e-06,   2.78839111e-06,   2.81723022e-06,
          2.84133911e-06,   2.86254883e-06,   2.88162231e-06,
          2.88803101e-06,   2.89993286e-06,   2.90786743e-06,
          2.91717529e-06,   2.91976929e-06,   2.92343140e-06,
          2.92617798e-06,   2.92861938e-06,   2.93045044e-06,
          2.92938232e-06,   2.93182373e-06,   2.93289185e-06,
          2.93334961e-06,   2.93289185e-06,   2.93426514e-06,
          2.93563843e-06,   2.93518066e-06,   2.93701172e-06,
          2.93777466e-06,   2.94006348e-06,   2.94708252e-06,
          2.95623779e-06,   2.96783447e-06,   2.98538208e-06,
          3.00506592e-06,   3.03222656e-06,   3.06396484e-06,
          3.10363770e-06,   3.15475464e-06,   3.21990967e-06,
          3.30505371e-06,   3.41476440e-06,   3.54904175e-06,
          3.70956421e-06,   3.89877319e-06,   4.11865234e-06,
          4.36172485e-06,   4.63760376e-06,   4.95101929e-06,
          5.29541016e-06,   5.67932129e-06,   6.09359741e-06,
          6.53579712e-06,   7.00531006e-06,   7.49267578e-06,
          8.00476074e-06,   8.53729248e-06,   9.11407471e-06,
          9.74578857e-06,   1.04690552e-05,   1.13296509e-05,
          1.23718262e-05,   1.36550903e-05,   1.38153076e-05,
          1.23367310e-05,   1.10763550e-05,   9.99145508e-06,
          9.03991699e-06,   8.18786621e-06,   7.39440918e-06,
          6.65512085e-06,   5.95550537e-06,   5.30258179e-06,
          4.69299316e-06,   4.12979126e-06,   3.61892700e-06,
          3.15719604e-06,   2.73956299e-06,   2.36495972e-06,
          2.02758789e-06,   1.72073364e-06,   1.44210815e-06,
          1.19628906e-06,   9.82360840e-07,   7.93395996e-07,
          6.33407593e-07,   4.93804932e-07,   3.69750977e-07,
          2.59170532e-07,   2.18017578e-07,   2.61901855e-07,
          2.98736572e-07,   2.91259766e-07,   2.68020630e-07,
          2.46185303e-07,   2.25357056e-07,   2.79418945e-07,
          3.28262329e-07,   3.72512817e-07,   4.16290283e-07,
          4.57717896e-07,   4.99557495e-07,   5.41473389e-07,
          5.79254150e-07,   6.11953735e-07,   6.44699097e-07,
          6.81396484e-07,   7.12753296e-07,   7.50671387e-07,
          7.81723022e-07,   8.09417725e-07,   8.34762573e-07,
          8.60778809e-07,   8.83270264e-07,   9.06005859e-07,
          9.28329468e-07,   9.52117920e-07,   9.73556519e-07,
          9.95697021e-07,   1.02091980e-06,   1.04492187e-06,
          1.06781006e-06,   1.09252930e-06,   1.11663818e-06,
          1.13998413e-06,   1.16409302e-06,   1.18637085e-06,
          1.21200562e-06,   1.23336792e-06,   1.25808716e-06,
          1.27883911e-06,   1.30050659e-06,   1.32263184e-06,
          1.34185791e-06,   1.36611938e-06,   1.38778687e-06,
          1.40975952e-06,   1.43341064e-06,   1.45889282e-06,
          1.48620605e-06,   1.51535034e-06,   1.54907227e-06,
          1.58798218e-06,   1.63009644e-06,   1.67800903e-06,
          1.73217773e-06,   1.79672241e-06,   1.86996460e-06,
          1.95541382e-06,   2.05337524e-06,   2.16583252e-06,
          2.28958130e-06,   2.42614746e-06,   2.57064819e-06,
          2.73696899e-06,   1.34506226e-06,   3.07418823e-06,
          3.24600220e-06,   3.41659546e-06,   3.58062744e-06,
          3.74694824e-06,   3.92181396e-06,   4.11804199e-06,
          4.34173584e-06,   4.60754395e-06,   4.91485596e-06,
          5.26428223e-06,   5.65795898e-06,   6.08062744e-06,
          6.53381348e-06,   6.99920654e-06,   7.48138428e-06,
          7.96661377e-06,   8.45947266e-06,   8.95538330e-06,
          9.45739746e-06,   9.95941162e-06,   1.04629517e-05,
          1.09664917e-05,   1.14791870e-05,   1.19796753e-05,
          1.24984741e-05,   1.30111694e-05,   1.35177612e-05,
          1.40228271e-05,   1.45278931e-05,   1.50238037e-05,
          1.55151367e-05,   1.59957886e-05,   1.64672852e-05,
          1.69387817e-05,   1.73904419e-05,   1.78314209e-05,
          1.82708740e-05,   1.86874390e-05,   1.91009521e-05,
          1.95144653e-05,   1.99264526e-05,   2.03384399e-05,
          2.07519531e-05,   2.11685181e-05,   2.15728760e-05,
          2.19757080e-05,   2.23724365e-05,   2.27478027e-05,
          2.31002808e-05,   2.34115601e-05,   2.36587524e-05,
          2.37976074e-05,   2.36831665e-05,   2.31536865e-05,
          2.20138550e-05],
       [  2.59582520e-05,   2.40951538e-05,   2.34817505e-05,
          2.31582642e-05,   2.28546143e-05,   2.25677490e-05,
          2.22717285e-05,   2.19787598e-05,   2.16781616e-05,
          2.13806152e-05,   2.11212158e-05,   2.08480835e-05,
          2.05764771e-05,   2.03414917e-05,   2.01095581e-05,
          1.98944092e-05,   1.96899414e-05,   1.94885254e-05,
          1.92810059e-05,   1.90628052e-05,   1.88339233e-05,
          1.85913086e-05,   1.83410645e-05,   1.80694580e-05,
          1.77963257e-05,   1.75247192e-05,   1.72500610e-05,
          1.69509888e-05,   1.66473389e-05,   1.63253784e-05,
          1.60034180e-05,   1.56707764e-05,   1.53152466e-05,
          1.49673462e-05,   1.46011353e-05,   1.42288208e-05,
          1.38549805e-05,   1.34643555e-05,   1.30569458e-05,
          1.26419067e-05,   1.22192383e-05,   1.17755127e-05,
          1.13114929e-05,   1.08290100e-05,   1.03330994e-05,
          9.81796265e-06,   9.28192139e-06,   8.72894287e-06,
          8.16040039e-06,   7.57904053e-06,   6.98959351e-06,
          6.39389038e-06,   5.79772949e-06,   5.20812988e-06,
          4.63195801e-06,   4.07287598e-06,   3.53958130e-06,
          3.03665161e-06,   2.56530762e-06,   2.13409424e-06,
          1.73812866e-06,   1.37817383e-06,   1.05337524e-06,
          7.60208130e-07,   7.17056274e-07,   7.45910645e-07,
          6.78939819e-07,   6.28814697e-07,   6.05300903e-07,
          5.84396362e-07,   4.82696533e-07,   3.61724854e-07,
          6.17523193e-07,   9.64355469e-07,   1.06613159e-06,
          1.15249634e-06,   1.23184204e-06,   1.30157471e-06,
          1.36688232e-06,   1.42822266e-06,   1.48178101e-06,
          1.53060913e-06,   1.57714844e-06,   1.62231445e-06,
          1.66046143e-06,   1.69494629e-06,   1.72882080e-06,
          1.75888062e-06,   1.78878784e-06,   1.81259155e-06,
          1.83517456e-06,   1.85455322e-06,   1.87057495e-06,
          1.88339233e-06,   1.89575195e-06,   1.90475464e-06,
          1.90597534e-06,   1.90811157e-06,   1.91024780e-06,
          1.91284180e-06,   1.91268921e-06,   1.91085815e-06,
          1.91055298e-06,   1.91024780e-06,   1.90872192e-06,
          1.90856934e-06,   1.90734863e-06,   1.90567017e-06,
          1.90490723e-06,   1.90139771e-06,   1.90002441e-06,
          1.89651489e-06,   1.89300537e-06,   1.89208984e-06,
          1.89071655e-06,   1.89117432e-06,   1.89361572e-06,
          1.89971924e-06,   1.90948486e-06,   1.92398071e-06,
          1.94091797e-06,   1.96685791e-06,   1.99768066e-06,
          2.03613281e-06,   2.08023071e-06,   2.13623047e-06,
          2.19909668e-06,   2.27737427e-06,   2.37319946e-06,
          2.49069214e-06,   2.63259888e-06,   2.80334473e-06,
          3.00216675e-06,   3.22799683e-06,   3.48281860e-06,
          3.77044678e-06,   4.09942627e-06,   4.46762085e-06,
          4.89028931e-06,   5.36407471e-06,   5.89508057e-06,
          6.48803711e-06,   7.14569092e-06,   7.86895752e-06,
          8.66241455e-06,   9.51690674e-06,   1.04324341e-05,
          1.14074707e-05,   1.24343872e-05,   1.21215820e-05,
          1.03134155e-05,   8.90350342e-06,   7.74536133e-06,
          6.75750732e-06,   5.91400146e-06,   5.17211914e-06,
          4.52346802e-06,   3.95721436e-06,   3.46054077e-06,
          3.02429199e-06,   2.63839722e-06,   2.29995728e-06,
          1.99569702e-06,   1.71966553e-06,   1.47232056e-06,
          1.24633789e-06,   1.04568481e-06,   8.67767334e-07,
          7.13195801e-07,   5.78918457e-07,   4.56542969e-07,
          3.49319458e-07,   2.52746582e-07,   1.63452148e-07,
          8.86993408e-08,   2.19116211e-08,   2.51464844e-08,
          1.04705811e-07,   1.35498047e-07,   1.48208618e-07,
          1.78527832e-07,   2.31948853e-07,   2.67486572e-07,
          2.95242310e-07,   3.21243286e-07,   3.44757080e-07,
          3.67172241e-07,   3.90670776e-07,   4.14794922e-07,
          4.36676025e-07,   4.58724976e-07,   4.82192993e-07,
          5.03997803e-07,   5.26138306e-07,   5.48095703e-07,
          5.67642212e-07,   5.85174561e-07,   6.01577759e-07,
          6.15051270e-07,   6.29577637e-07,   6.41601563e-07,
          6.54129028e-07,   6.68487549e-07,   6.80496216e-07,
          6.95617676e-07,   7.10556030e-07,   7.25097656e-07,
          7.40661621e-07,   7.54394531e-07,   7.67822266e-07,
          7.83538818e-07,   7.96356201e-07,   8.12225342e-07,
          8.25958252e-07,   8.40606689e-07,   8.53729248e-07,
          8.68377686e-07,   8.81805420e-07,   8.97216797e-07,
          9.08508301e-07,   9.23309326e-07,   9.37347412e-07,
          9.53216553e-07,   9.73510742e-07,   9.94415283e-07,
          1.01928711e-06,   1.04873657e-06,   1.08398438e-06,
          1.12564087e-06,   1.17416382e-06,   1.23245239e-06,
          1.29852295e-06,   1.37496948e-06,   1.46041870e-06,
          1.55563354e-06,   1.66275024e-06,   1.78192139e-06,
          1.92184448e-06,   2.08251953e-06,   2.27401733e-06,
          2.52243042e-06,   1.26663208e-06,   3.19503784e-06,
          3.66012573e-06,   4.22775269e-06,   4.90234375e-06,
          5.68084717e-06,   6.55792236e-06,   7.51586914e-06,
          8.74328613e-06,   9.56878662e-06,   1.05758667e-05,
          1.15570068e-05,   1.24755859e-05,   1.33102417e-05,
          1.40625000e-05,   1.47293091e-05,   1.53091431e-05,
          1.58157349e-05,   1.62567139e-05,   1.66519165e-05,
          1.69982910e-05,   1.73080444e-05,   1.76040649e-05,
          1.78665161e-05,   1.81167603e-05,   1.83609009e-05,
          1.85989380e-05,   1.88247681e-05,   1.90475464e-05,
          1.92749023e-05,   1.94808960e-05,   1.96929932e-05,
          1.99127197e-05,   2.01278687e-05,   2.03430176e-05,
          2.05612183e-05,   2.07870483e-05,   2.10113525e-05,
          2.12371826e-05,   2.14584351e-05,   2.17010498e-05,
          2.19375610e-05,   2.21786499e-05,   2.24411011e-05,
          2.26989746e-05,   2.29598999e-05,   2.32025146e-05,
          2.34436035e-05,   2.36846924e-05,   2.38983154e-05,
          2.40829468e-05,   2.42630005e-05,   2.44277954e-05,
          2.46002197e-05,   2.47726440e-05,   2.50885010e-05,
          2.57553101e-05],
       [  1.81701660e-05,   1.94351196e-05,   1.97250366e-05,
          1.94839478e-05,   1.90093994e-05,   1.84661865e-05,
          1.79321289e-05,   1.74316406e-05,   1.69540405e-05,
          1.64947510e-05,   1.60522461e-05,   1.56143188e-05,
          1.51962280e-05,   1.47872925e-05,   1.43966675e-05,
          1.40228271e-05,   1.36596680e-05,   1.33056641e-05,
          1.29577637e-05,   1.26052856e-05,   1.22543335e-05,
          1.18927002e-05,   1.15264893e-05,   1.11633301e-05,
          1.08016968e-05,   1.04354858e-05,   1.00723267e-05,
          9.70306396e-06,   9.32922363e-06,   8.95233154e-06,
          8.57543945e-06,   8.19702148e-06,   7.80181885e-06,
          7.41119385e-06,   7.02056885e-06,   6.62384033e-06,
          6.23168945e-06,   5.83190918e-06,   5.43670654e-06,
          5.05218506e-06,   4.66613770e-06,   4.28283691e-06,
          3.91006470e-06,   3.53866577e-06,   3.18435669e-06,
          2.83828735e-06,   2.50457764e-06,   2.18200684e-06,
          1.87652588e-06,   1.59393311e-06,   1.33285522e-06,
          1.08901978e-06,   8.72192383e-07,   6.82373047e-07,
          5.12695313e-07,   3.68041992e-07,   2.43377686e-07,
          1.34735107e-07,   4.05883789e-08,  -4.39453125e-08,
         -1.24664307e-07,  -2.02331543e-07,  -2.84210205e-07,
         -3.67538452e-07,  -3.65493774e-07,  -1.46179199e-07,
          1.60903931e-07,   4.59930420e-07,   7.33810425e-07,
          9.80636597e-07,   9.60510254e-07,   8.29467773e-07,
          1.08261108e-06,   1.44317627e-06,   1.55593872e-06,
          1.65786743e-06,   1.75765991e-06,   1.84814453e-06,
          1.93756104e-06,   2.02423096e-06,   2.10525513e-06,
          2.18063354e-06,   2.25341797e-06,   2.32421875e-06,
          2.38616943e-06,   2.44537354e-06,   2.50213623e-06,
          2.55325317e-06,   2.60360718e-06,   2.64816284e-06,
          2.69088745e-06,   2.72613525e-06,   2.75863647e-06,
          2.78762817e-06,   2.81280518e-06,   2.83309937e-06,
          2.84774780e-06,   2.86056519e-06,   2.87216187e-06,
          2.88085938e-06,   2.88742065e-06,   2.89169312e-06,
          2.89596558e-06,   2.90023804e-06,   2.90176392e-06,
          2.90344238e-06,   2.90527344e-06,   2.90481567e-06,
          2.90466309e-06,   2.90176392e-06,   2.90069580e-06,
          2.89779663e-06,   2.89398193e-06,   2.89367676e-06,
          2.89321899e-06,   2.89489746e-06,   2.89947510e-06,
          2.90527344e-06,   2.91534424e-06,   2.92739868e-06,
          2.94464111e-06,   2.96997070e-06,   2.99835205e-06,
          3.03497314e-06,   3.08395386e-06,   3.14666748e-06,
          3.22082520e-06,   3.31680298e-06,   3.43002319e-06,
          3.56399536e-06,   3.71963501e-06,   3.90045166e-06,
          4.10598755e-06,   4.34005737e-06,   4.60098267e-06,
          4.88372803e-06,   5.19012451e-06,   5.51315308e-06,
          5.84976196e-06,   6.18896484e-06,   6.53320312e-06,
          6.88476563e-06,   7.24334717e-06,   7.60955811e-06,
          8.00933838e-06,   8.45489502e-06,   8.98284912e-06,
          9.61914062e-06,   1.04049683e-05,   1.05773926e-05,
          9.71221924e-06,   8.91571045e-06,   8.19702148e-06,
          7.54180908e-06,   6.93634033e-06,   6.36444092e-06,
          5.81863403e-06,   5.29571533e-06,   4.79751587e-06,
          4.32281494e-06,   3.87649536e-06,   3.46145630e-06,
          3.07510376e-06,   2.71820068e-06,   2.38998413e-06,
          2.08465576e-06,   1.80587769e-06,   1.54617310e-06,
          1.31439209e-06,   1.10504150e-06,   9.14611816e-07,
          7.51052856e-07,   6.07360840e-07,   4.77874756e-07,
          3.65798950e-07,   2.67364502e-07,   1.80328369e-07,
          1.93481445e-07,   2.09075928e-07,   2.05307007e-07,
          2.00897217e-07,   1.93618774e-07,   1.97662354e-07,
          2.47970581e-07,   2.96585083e-07,   3.39782715e-07,
          3.81027222e-07,   4.24179077e-07,   4.67010498e-07,
          5.04699707e-07,   5.42617798e-07,   5.79299927e-07,
          6.15692139e-07,   6.49520874e-07,   6.82769775e-07,
          7.12448120e-07,   7.36480713e-07,   7.61520386e-07,
          7.86926270e-07,   8.11859131e-07,   8.33374023e-07,
          8.54171753e-07,   8.77960205e-07,   8.99703979e-07,
          9.22454834e-07,   9.45846558e-07,   9.70153809e-07,
          9.94567871e-07,   1.01440430e-06,   1.03912354e-06,
          1.06338501e-06,   1.08596802e-06,   1.10794067e-06,
          1.13265991e-06,   1.15493774e-06,   1.17660522e-06,
          1.19918823e-06,   1.22146606e-06,   1.24176025e-06,
          1.26190186e-06,   1.28677368e-06,   1.31088257e-06,
          1.33377075e-06,   1.36138916e-06,   1.39114380e-06,
          1.42425537e-06,   1.46133423e-06,   1.50543213e-06,
          1.55990601e-06,   1.61849976e-06,   1.68746948e-06,
          1.76574707e-06,   1.85256958e-06,   1.94595337e-06,
          2.04330444e-06,   2.14614868e-06,   2.24731445e-06,
          2.34756470e-06,   2.43621826e-06,   2.52059937e-06,
          2.60391235e-06,   1.11099243e-06,   2.71286011e-06,
          2.73941040e-06,   2.73452759e-06,   2.70568848e-06,
          2.66021729e-06,   2.60620117e-06,   2.56561279e-06,
          2.55126953e-06,   2.57415771e-06,   2.65350342e-06,
          2.79235840e-06,   2.99377441e-06,   3.24554443e-06,
          3.55529785e-06,   3.91082764e-06,   4.30450439e-06,
          4.73175049e-06,   5.18493652e-06,   5.66558838e-06,
          6.16455078e-06,   6.68182373e-06,   7.20977783e-06,
          7.74688721e-06,   8.29620361e-06,   8.85162354e-06,
          9.41314697e-06,   9.97772217e-06,   1.05361938e-05,
          1.10961914e-05,   1.16531372e-05,   1.22009277e-05,
          1.27380371e-05,   1.32675171e-05,   1.37756348e-05,
          1.42715454e-05,   1.47445679e-05,   1.52008057e-05,
          1.56402588e-05,   1.60629272e-05,   1.64642334e-05,
          1.68594360e-05,   1.72409058e-05,   1.76101685e-05,
          1.79718018e-05,   1.83242798e-05,   1.86614990e-05,
          1.89880371e-05,   1.93023682e-05,   1.95983887e-05,
          1.98776245e-05,   2.01217651e-05,   2.03170776e-05,
          2.04071045e-05,   2.02499390e-05,   1.96716309e-05,
          1.84921265e-05],
       [  2.53356934e-05,   2.63839722e-05,   2.65487671e-05,
          2.61917114e-05,   2.55981445e-05,   2.49511719e-05,
          2.43164062e-05,   2.37030029e-05,   2.31155396e-05,
          2.25555420e-05,   2.20153809e-05,   2.14767456e-05,
          2.09640503e-05,   2.04635620e-05,   1.99874878e-05,
          1.95220947e-05,   1.90765381e-05,   1.86431885e-05,
          1.82128906e-05,   1.77780151e-05,   1.73477173e-05,
          1.69036865e-05,   1.64581299e-05,   1.60186768e-05,
          1.55838013e-05,   1.51443481e-05,   1.47079468e-05,
          1.42623901e-05,   1.38153076e-05,   1.33682251e-05,
          1.29241943e-05,   1.24755859e-05,   1.20132446e-05,
          1.15615845e-05,   1.11038208e-05,   1.06399536e-05,
          1.01806641e-05,   9.72290039e-06,   9.25140381e-06,
          8.79364014e-06,   8.33435059e-06,   7.87170410e-06,
          7.41348267e-06,   6.95663452e-06,   6.50711060e-06,
          6.05667114e-06,   5.61828613e-06,   5.18432617e-06,
          4.75891113e-06,   4.34875488e-06,   3.95431519e-06,
          3.56948853e-06,   3.20800781e-06,   2.86499023e-06,
          2.54302979e-06,   2.23846436e-06,   1.95358276e-06,
          1.68136597e-06,   1.41967773e-06,   1.16638184e-06,
          9.23004150e-07,   6.82678223e-07,   4.42810059e-07,
          2.07107544e-07,  -2.43377686e-08,  -1.48986816e-07,
         -2.04010010e-08,   3.86291504e-07,   7.57614136e-07,
          1.09385681e-06,   1.14910889e-06,   1.09008789e-06,
          1.41494751e-06,   1.83410645e-06,   1.98257446e-06,
          2.11990356e-06,   2.23861694e-06,   2.34008789e-06,
          2.44079590e-06,   2.54089355e-06,   2.63473511e-06,
          2.72201538e-06,   2.80487061e-06,   2.88421631e-06,
          2.95593262e-06,   3.02459717e-06,   3.09051514e-06,
          3.14926147e-06,   3.20693970e-06,   3.25820923e-06,
          3.30642700e-06,   3.34686279e-06,   3.38363647e-06,
          3.41690063e-06,   3.44482422e-06,   3.46817017e-06,
          3.48129272e-06,   3.49777222e-06,   3.51119995e-06,
          3.51989746e-06,   3.53012085e-06,   3.53683472e-06,
          3.54232788e-06,   3.54843140e-06,   3.55300903e-06,
          3.55834961e-06,   3.56140137e-06,   3.56643677e-06,
          3.57238770e-06,   3.57437134e-06,   3.57757568e-06,
          3.58230591e-06,   3.58581543e-06,   3.59130859e-06,
          3.59848022e-06,   3.60992432e-06,   3.62060547e-06,
          3.63708496e-06,   3.65631104e-06,   3.68026733e-06,
          3.70880127e-06,   3.74725342e-06,   3.79028320e-06,
          3.84918213e-06,   3.91952515e-06,   4.01397705e-06,
          4.13421631e-06,   4.28512573e-06,   4.47280884e-06,
          4.69619751e-06,   4.95834351e-06,   5.26214600e-06,
          5.60440063e-06,   5.98709106e-06,   6.42166138e-06,
          6.90338135e-06,   7.42919922e-06,   8.00155640e-06,
          8.61465454e-06,   9.27307129e-06,   9.96459961e-06,
          1.06994629e-05,   1.14700317e-05,   1.22909546e-05,
          1.31790161e-05,   1.41830444e-05,   1.53335571e-05,
          1.66900635e-05,   1.83029175e-05,   1.83502197e-05,
          1.62429810e-05,   1.45126343e-05,   1.30523682e-05,
          1.17837524e-05,   1.06533813e-05,   9.62188721e-06,
          8.65921021e-06,   7.76275635e-06,   6.92672729e-06,
          6.14471436e-06,   5.42556763e-06,   4.77462769e-06,
          4.18258667e-06,   3.65142822e-06,   3.17245483e-06,
          2.74169922e-06,   2.35183716e-06,   2.00210571e-06,
          1.68975830e-06,   1.41540527e-06,   1.17156982e-06,
          9.61929321e-07,   7.82226562e-07,   6.23382568e-07,
          4.79415894e-07,   3.55651855e-07,   2.49938965e-07,
          1.52862549e-07,   1.61865234e-07,   1.51718140e-07,
          1.41906738e-07,   1.41006470e-07,   2.13867188e-07,
          2.70645142e-07,   3.25912476e-07,   3.80981445e-07,
          4.31106567e-07,   4.79690552e-07,   5.30029297e-07,
          5.73944092e-07,   6.11953735e-07,   6.54159546e-07,
          6.96350098e-07,   7.36251831e-07,   7.74475098e-07,
          8.05831909e-07,   8.33831787e-07,   8.61312866e-07,
          8.87023926e-07,   9.11346436e-07,   9.33166504e-07,
          9.55795288e-07,   9.82025146e-07,   1.00682068e-06,
          1.03201294e-06,   1.05876160e-06,   1.08489990e-06,
          1.11175537e-06,   1.13677979e-06,   1.16333008e-06,
          1.18972778e-06,   1.21658325e-06,   1.24130249e-06,
          1.26785278e-06,   1.29348755e-06,   1.31973267e-06,
          1.34506226e-06,   1.36886597e-06,   1.39343262e-06,
          1.41845703e-06,   1.44515991e-06,   1.47384644e-06,
          1.50314331e-06,   1.53686523e-06,   1.57302856e-06,
          1.61468506e-06,   1.66122437e-06,   1.71783447e-06,
          1.78482056e-06,   1.86477661e-06,   1.95877075e-06,
          2.07244873e-06,   2.20291138e-06,   2.35183716e-06,
          2.51876831e-06,   2.70858765e-06,   2.91320801e-06,
          3.13461304e-06,   3.36761475e-06,   3.61801147e-06,
          3.89419556e-06,   2.61306763e-06,   4.45083618e-06,
          4.73770142e-06,   5.01602173e-06,   5.29937744e-06,
          5.58624268e-06,   5.87768555e-06,   6.19354248e-06,
          6.54296875e-06,   6.92901611e-06,   7.35321045e-06,
          7.81860352e-06,   8.33435059e-06,   8.86993408e-06,
          9.44213867e-06,   1.00296021e-05,   1.06338501e-05,
          1.12472534e-05,   1.18682861e-05,   1.24954224e-05,
          1.31225586e-05,   1.37496948e-05,   1.43722534e-05,
          1.49948120e-05,   1.56143188e-05,   1.62277222e-05,
          1.68350220e-05,   1.74331665e-05,   1.80343628e-05,
          1.86126709e-05,   1.91818237e-05,   1.97357178e-05,
          2.02758789e-05,   2.07870483e-05,   2.12860107e-05,
          2.17666626e-05,   2.22244263e-05,   2.26531982e-05,
          2.30773926e-05,   2.34786987e-05,   2.38616943e-05,
          2.42263794e-05,   2.45895386e-05,   2.49435425e-05,
          2.52838135e-05,   2.56210327e-05,   2.59460449e-05,
          2.62573242e-05,   2.65625000e-05,   2.68493652e-05,
          2.71163940e-05,   2.73574829e-05,   2.75375366e-05,
          2.76062012e-05,   2.74337769e-05,   2.68371582e-05,
          2.56484985e-05]])
